Tiempo(s)	Voltaje(V)
0.000000000000000000e+00	-4.585546984744723886e-01
1.000000000000000021e-02	-4.717445669230073690e-01
2.000000000000000042e-02	-4.785003532015252858e-01
2.999999999999999889e-02	-4.794654655270278454e-01
4.000000000000000083e-02	-4.813956901780329645e-01
5.000000000000000278e-02	-4.801088737440295517e-01
5.999999999999999778e-02	-4.797871696355286986e-01
7.000000000000000666e-02	-4.794654655270278454e-01
8.000000000000000167e-02	-4.794654655270278454e-01
8.999999999999999667e-02	-4.794654655270278454e-01
1.000000000000000056e-01	-4.778569449845235795e-01
1.100000000000000006e-01	-4.785003532015252858e-01
1.199999999999999956e-01	-4.781786490930244327e-01
1.300000000000000044e-01	-4.775352408760227263e-01
1.400000000000000133e-01	-4.778569449845235795e-01
1.499999999999999944e-01	-4.762484244420193136e-01
1.600000000000000033e-01	-4.762484244420193136e-01
1.700000000000000122e-01	-4.768918326590210199e-01
1.799999999999999933e-01	-4.759267203335184604e-01
1.900000000000000022e-01	-4.762484244420193136e-01
2.000000000000000111e-01	-4.752833121165167540e-01
2.099999999999999922e-01	-4.756050162250176072e-01
2.200000000000000011e-01	-4.743181997910141945e-01
2.300000000000000100e-01	-4.746399038995150477e-01
2.399999999999999911e-01	-4.743181997910141945e-01
2.500000000000000000e-01	-4.730313833570107818e-01
2.600000000000000089e-01	-4.727096792485099286e-01
2.700000000000000178e-01	-4.727096792485099286e-01
2.800000000000000266e-01	-4.717445669230073690e-01
2.899999999999999800e-01	-4.723879751400090754e-01
2.999999999999999889e-01	-4.714228628145065159e-01
3.099999999999999978e-01	-4.717445669230073690e-01
3.200000000000000067e-01	-4.714228628145065159e-01
3.300000000000000155e-01	-4.714228628145065159e-01
3.400000000000000244e-01	-4.711011587060056627e-01
3.499999999999999778e-01	-4.714228628145065159e-01
3.599999999999999867e-01	-4.707794545975048095e-01
3.699999999999999956e-01	-4.704577504890039563e-01
3.800000000000000044e-01	-4.694926381635013968e-01
3.900000000000000133e-01	-4.701360463805031031e-01
4.000000000000000222e-01	-4.694926381635013968e-01
4.099999999999999756e-01	-4.694926381635013968e-01
4.199999999999999845e-01	-4.685275258379988372e-01
4.299999999999999933e-01	-4.685275258379988372e-01
4.400000000000000022e-01	-4.682058217294979841e-01
4.500000000000000111e-01	-4.678841176209971309e-01
4.600000000000000200e-01	-4.682058217294979841e-01
4.699999999999999734e-01	-4.672407094039954245e-01
4.799999999999999822e-01	-4.665973011869937181e-01
4.899999999999999911e-01	-4.662755970784928650e-01
5.000000000000000000e-01	-4.627368518849834800e-01
5.100000000000000089e-01	-4.537291368469595909e-01
5.200000000000000178e-01	-4.376439314219169319e-01
5.300000000000000266e-01	-4.093339698738418519e-01
5.400000000000000355e-01	-3.877797946042846888e-01
5.500000000000000444e-01	-3.823108247597701848e-01
5.600000000000000533e-01	-3.996828466188162565e-01
5.699999999999999512e-01	-4.250974711903836578e-01
5.799999999999999600e-01	-4.482601670024450868e-01
5.899999999999999689e-01	-4.614500354509800673e-01
5.999999999999999778e-01	-4.653104847529903054e-01
6.099999999999999867e-01	-4.665973011869937181e-01
6.199999999999999956e-01	-4.675624135124962777e-01
6.300000000000000044e-01	-4.717445669230073690e-01
6.400000000000000133e-01	-4.894382928905542940e-01
6.500000000000000222e-01	-5.309381228871643543e-01
6.600000000000000311e-01	-5.875580459833145142e-01
6.700000000000000400e-01	-6.033215472998563200e-01
6.800000000000000488e-01	-4.939421504095662385e-01
6.899999999999999467e-01	-2.040867486502975225e-01
6.999999999999999556e-01	2.112332554243039340e-01
7.099999999999999645e-01	4.878987887350376695e-01
7.199999999999999734e-01	3.968565260292962193e-01
7.299999999999999822e-01	-3.021680837264284492e-03
7.399999999999999911e-01	-4.199502054543700069e-01
7.500000000000000000e-01	-6.589763580705039203e-01
7.600000000000000089e-01	-6.985459634161088616e-01
7.700000000000000178e-01	-6.319532129564322531e-01
7.800000000000000266e-01	-5.515271858312189579e-01
7.900000000000000355e-01	-5.029498654475901276e-01
8.000000000000000444e-01	-4.862212518055457622e-01
8.100000000000000533e-01	-4.830042107205372304e-01
8.199999999999999512e-01	-4.833259148290380836e-01
8.299999999999999600e-01	-4.820390983950346708e-01
8.399999999999999689e-01	-4.833259148290380836e-01
8.499999999999999778e-01	-4.817173942865338176e-01
8.599999999999999867e-01	-4.817173942865338176e-01
8.699999999999999956e-01	-4.817173942865338176e-01
8.800000000000000044e-01	-4.807522819610312581e-01
8.900000000000000133e-01	-4.807522819610312581e-01
9.000000000000000222e-01	-4.759267203335184604e-01
9.100000000000000311e-01	-4.691709340550005436e-01
9.200000000000000400e-01	-4.553376573894638568e-01
9.300000000000000488e-01	-4.334617780114058405e-01
9.399999999999999467e-01	-4.083688575483392924e-01
9.499999999999999556e-01	-3.848844576277770102e-01
9.599999999999999645e-01	-3.784503754577599466e-01
9.699999999999999734e-01	-3.890666110382881016e-01
9.799999999999999822e-01	-4.131944191758520901e-01
9.899999999999999911e-01	-4.398958601814229041e-01
1.000000000000000000e+00	-4.604849231254775077e-01
1.010000000000000009e+00	-4.723879751400090754e-01
1.020000000000000018e+00	-4.781786490930244327e-01
1.030000000000000027e+00	-4.794654655270278454e-01
1.040000000000000036e+00	-4.804305778525304049e-01
1.050000000000000044e+00	-4.801088737440295517e-01
1.060000000000000053e+00	-4.797871696355286986e-01
1.070000000000000062e+00	-4.801088737440295517e-01
1.080000000000000071e+00	-4.788220573100261390e-01
1.090000000000000080e+00	-4.794654655270278454e-01
1.100000000000000089e+00	-4.781786490930244327e-01
1.110000000000000098e+00	-4.785003532015252858e-01
1.120000000000000107e+00	-4.775352408760227263e-01
1.129999999999999893e+00	-4.778569449845235795e-01
1.139999999999999902e+00	-4.778569449845235795e-01
1.149999999999999911e+00	-4.768918326590210199e-01
1.159999999999999920e+00	-4.772135367675218731e-01
1.169999999999999929e+00	-4.768918326590210199e-01
1.179999999999999938e+00	-4.762484244420193136e-01
1.189999999999999947e+00	-4.762484244420193136e-01
1.199999999999999956e+00	-4.756050162250176072e-01
1.209999999999999964e+00	-4.746399038995150477e-01
1.219999999999999973e+00	-4.752833121165167540e-01
1.229999999999999982e+00	-4.739964956825133413e-01
1.239999999999999991e+00	-4.743181997910141945e-01
1.250000000000000000e+00	-4.736747915740124881e-01
1.260000000000000009e+00	-4.739964956825133413e-01
1.270000000000000018e+00	-4.743181997910141945e-01
1.280000000000000027e+00	-4.727096792485099286e-01
1.290000000000000036e+00	-4.730313833570107818e-01
1.300000000000000044e+00	-4.717445669230073690e-01
1.310000000000000053e+00	-4.717445669230073690e-01
1.320000000000000062e+00	-4.720662710315082222e-01
1.330000000000000071e+00	-4.714228628145065159e-01
1.340000000000000080e+00	-4.720662710315082222e-01
1.350000000000000089e+00	-4.711011587060056627e-01
1.360000000000000098e+00	-4.707794545975048095e-01
1.370000000000000107e+00	-4.707794545975048095e-01
1.379999999999999893e+00	-4.698143422720022500e-01
1.389999999999999902e+00	-4.704577504890039563e-01
1.399999999999999911e+00	-4.701360463805031031e-01
1.409999999999999920e+00	-4.694926381635013968e-01
1.419999999999999929e+00	-4.698143422720022500e-01
1.429999999999999938e+00	-4.678841176209971309e-01
1.439999999999999947e+00	-4.691709340550005436e-01
1.449999999999999956e+00	-4.682058217294979841e-01
1.459999999999999964e+00	-4.672407094039954245e-01
1.469999999999999973e+00	-4.675624135124962777e-01
1.479999999999999982e+00	-4.659538929699920118e-01
1.489999999999999991e+00	-4.653104847529903054e-01
1.500000000000000000e+00	-4.627368518849834800e-01
1.510000000000000009e+00	-4.530857286299578846e-01
1.520000000000000018e+00	-4.363571149879135191e-01
1.530000000000000027e+00	-4.106207863078452647e-01
1.540000000000000036e+00	-3.877797946042846888e-01
1.550000000000000044e+00	-3.819891206512693316e-01
1.560000000000000053e+00	-3.993611425103154033e-01
1.570000000000000062e+00	-4.260625835158862174e-01
1.580000000000000071e+00	-4.482601670024450868e-01
1.590000000000000080e+00	-4.611283313424792141e-01
1.600000000000000089e+00	-4.646670765359885991e-01
1.610000000000000098e+00	-4.662755970784928650e-01
1.620000000000000107e+00	-4.675624135124962777e-01
1.629999999999999893e+00	-4.704577504890039563e-01
1.639999999999999902e+00	-4.887948846735525876e-01
1.649999999999999911e+00	-5.302947146701626480e-01
1.659999999999999920e+00	-5.872363418748136610e-01
1.669999999999999929e+00	-6.026781390828546137e-01
1.679999999999999938e+00	-4.936204463010653853e-01
1.689999999999999947e+00	-2.024782281077932566e-01
1.699999999999999956e+00	2.134851841838099062e-01
1.709999999999999964e+00	4.888639010605402291e-01
1.719999999999999973e+00	3.946045972697902471e-01
1.729999999999999982e+00	-4.308497271267697215e-03
1.739999999999999991e+00	-4.212370218883734196e-01
1.750000000000000000e+00	-6.589763580705039203e-01
1.760000000000000009e+00	-6.966157387651037425e-01
1.770000000000000018e+00	-6.322749170649331063e-01
1.780000000000000027e+00	-5.512054817227181047e-01
1.790000000000000036e+00	-5.032715695560909808e-01
1.800000000000000044e+00	-4.868646600225474685e-01
1.810000000000000053e+00	-4.839693230460397899e-01
1.820000000000000062e+00	-4.839693230460397899e-01
1.830000000000000071e+00	-4.820390983950346708e-01
1.840000000000000080e+00	-4.830042107205372304e-01
1.850000000000000089e+00	-4.823608025035355240e-01
1.860000000000000098e+00	-4.820390983950346708e-01
1.870000000000000107e+00	-4.817173942865338176e-01
1.879999999999999893e+00	-4.810739860695321113e-01
1.889999999999999902e+00	-4.804305778525304049e-01
1.899999999999999911e+00	-4.762484244420193136e-01
1.909999999999999920e+00	-4.701360463805031031e-01
1.919999999999999929e+00	-4.559810656064655632e-01
1.929999999999999938e+00	-4.328183697944041342e-01
1.939999999999999947e+00	-4.077254493313375860e-01
1.949999999999999956e+00	-3.845627535192761570e-01
1.959999999999999964e+00	-3.781286713492590934e-01
1.969999999999999973e+00	-3.893883151467889547e-01
1.979999999999999982e+00	-4.128727150673512369e-01
1.989999999999999991e+00	-4.395741560729220510e-01
2.000000000000000000e+00	-4.595198107999749482e-01
2.009999999999999787e+00	-4.720662710315082222e-01
2.020000000000000018e+00	-4.781786490930244327e-01
2.029999999999999805e+00	-4.804305778525304049e-01
2.040000000000000036e+00	-4.813956901780329645e-01
2.049999999999999822e+00	-4.804305778525304049e-01
2.060000000000000053e+00	-4.804305778525304049e-01
2.069999999999999840e+00	-4.804305778525304049e-01
2.080000000000000071e+00	-4.788220573100261390e-01
2.089999999999999858e+00	-4.804305778525304049e-01
2.100000000000000089e+00	-4.781786490930244327e-01
2.109999999999999876e+00	-4.785003532015252858e-01
2.120000000000000107e+00	-4.785003532015252858e-01
2.129999999999999893e+00	-4.775352408760227263e-01
2.140000000000000124e+00	-4.781786490930244327e-01
2.149999999999999911e+00	-4.759267203335184604e-01
2.160000000000000142e+00	-4.768918326590210199e-01
2.169999999999999929e+00	-4.768918326590210199e-01
2.180000000000000160e+00	-4.752833121165167540e-01
2.189999999999999947e+00	-4.759267203335184604e-01
2.200000000000000178e+00	-4.752833121165167540e-01
2.209999999999999964e+00	-4.756050162250176072e-01
2.220000000000000195e+00	-4.749616080080159009e-01
2.229999999999999982e+00	-4.739964956825133413e-01
2.240000000000000213e+00	-4.739964956825133413e-01
2.250000000000000000e+00	-4.736747915740124881e-01
2.259999999999999787e+00	-4.730313833570107818e-01
2.270000000000000018e+00	-4.730313833570107818e-01
2.279999999999999805e+00	-4.723879751400090754e-01
2.290000000000000036e+00	-4.723879751400090754e-01
2.299999999999999822e+00	-4.723879751400090754e-01
2.310000000000000053e+00	-4.720662710315082222e-01
2.319999999999999840e+00	-4.723879751400090754e-01
2.330000000000000071e+00	-4.714228628145065159e-01
2.339999999999999858e+00	-4.704577504890039563e-01
2.350000000000000089e+00	-4.701360463805031031e-01
2.359999999999999876e+00	-4.698143422720022500e-01
2.370000000000000107e+00	-4.707794545975048095e-01
2.379999999999999893e+00	-4.698143422720022500e-01
2.390000000000000124e+00	-4.694926381635013968e-01
2.399999999999999911e+00	-4.691709340550005436e-01
2.410000000000000142e+00	-4.682058217294979841e-01
2.419999999999999929e+00	-4.694926381635013968e-01
2.430000000000000160e+00	-4.685275258379988372e-01
2.439999999999999947e+00	-4.685275258379988372e-01
2.450000000000000178e+00	-4.672407094039954245e-01
2.459999999999999964e+00	-4.669190052954945713e-01
2.470000000000000195e+00	-4.669190052954945713e-01
2.479999999999999982e+00	-4.669190052954945713e-01
2.490000000000000213e+00	-4.665973011869937181e-01
2.500000000000000000e+00	-4.611283313424792141e-01
2.509999999999999787e+00	-4.537291368469595909e-01
2.520000000000000018e+00	-4.357137067709118128e-01
2.529999999999999805e+00	-4.099773780908435583e-01
2.540000000000000036e+00	-3.881014987127855420e-01
2.549999999999999822e+00	-3.823108247597701848e-01
2.560000000000000053e+00	-3.990394384018145502e-01
2.569999999999999840e+00	-4.267059917328879237e-01
2.580000000000000071e+00	-4.485818711109459400e-01
2.589999999999999858e+00	-4.617717395594809204e-01
2.600000000000000089e+00	-4.653104847529903054e-01
2.609999999999999876e+00	-4.665973011869937181e-01
2.620000000000000107e+00	-4.678841176209971309e-01
2.629999999999999893e+00	-4.717445669230073690e-01
2.640000000000000124e+00	-4.904034052160568535e-01
2.649999999999999911e+00	-5.306164187786635011e-01
2.660000000000000142e+00	-5.865929336578119546e-01
2.669999999999999929e+00	-6.023564349743537605e-01
2.680000000000000160e+00	-4.920119257585611194e-01
2.689999999999999947e+00	-2.005480034567881376e-01
2.700000000000000178e+00	2.150937047263141721e-01
2.709999999999999964e+00	4.901507174945436418e-01
2.720000000000000195e+00	3.939611890527885407e-01
2.729999999999999982e+00	-6.882130139274522662e-03
2.740000000000000213e+00	-4.218804301053751260e-01
2.750000000000000000e+00	-6.583329498535022140e-01
2.759999999999999787e+00	-6.969374428736045957e-01
2.770000000000000018e+00	-6.309881006309296936e-01
2.779999999999999805e+00	-5.495969611802138388e-01
2.790000000000000036e+00	-5.026281613390892744e-01
2.799999999999999822e+00	-4.858995476970449090e-01
2.810000000000000053e+00	-4.833259148290380836e-01
2.819999999999999840e+00	-4.830042107205372304e-01
2.830000000000000071e+00	-4.826825066120363772e-01
2.839999999999999858e+00	-4.826825066120363772e-01
2.850000000000000089e+00	-4.817173942865338176e-01
2.859999999999999876e+00	-4.810739860695321113e-01
2.870000000000000107e+00	-4.820390983950346708e-01
2.879999999999999893e+00	-4.807522819610312581e-01
2.890000000000000124e+00	-4.801088737440295517e-01
2.899999999999999911e+00	-4.768918326590210199e-01
2.910000000000000142e+00	-4.698143422720022500e-01
2.919999999999999929e+00	-4.563027697149664164e-01
2.930000000000000160e+00	-4.331400739029049873e-01
2.939999999999999947e+00	-4.080471534398384392e-01
2.950000000000000178e+00	-3.858495699532795697e-01
2.959999999999999964e+00	-3.784503754577599466e-01
2.970000000000000195e+00	-3.900317233637906611e-01
2.979999999999999982e+00	-4.135161232843529433e-01
2.990000000000000213e+00	-4.408609725069254637e-01
3.000000000000000000e+00	-4.604849231254775077e-01
3.009999999999999787e+00	-4.730313833570107818e-01
3.020000000000000018e+00	-4.781786490930244327e-01
3.029999999999999805e+00	-4.801088737440295517e-01
3.040000000000000036e+00	-4.817173942865338176e-01
3.049999999999999822e+00	-4.817173942865338176e-01
3.060000000000000053e+00	-4.810739860695321113e-01
3.069999999999999840e+00	-4.813956901780329645e-01
3.080000000000000071e+00	-4.807522819610312581e-01
3.089999999999999858e+00	-4.817173942865338176e-01
3.100000000000000089e+00	-4.801088737440295517e-01
3.109999999999999876e+00	-4.804305778525304049e-01
3.120000000000000107e+00	-4.801088737440295517e-01
3.129999999999999893e+00	-4.794654655270278454e-01
3.140000000000000124e+00	-4.797871696355286986e-01
3.149999999999999911e+00	-4.788220573100261390e-01
3.160000000000000142e+00	-4.785003532015252858e-01
3.169999999999999929e+00	-4.785003532015252858e-01
3.180000000000000160e+00	-4.775352408760227263e-01
3.189999999999999947e+00	-4.785003532015252858e-01
3.200000000000000178e+00	-4.775352408760227263e-01
3.209999999999999964e+00	-4.765701285505201668e-01
3.220000000000000195e+00	-4.768918326590210199e-01
3.229999999999999982e+00	-4.756050162250176072e-01
3.240000000000000213e+00	-4.759267203335184604e-01
3.250000000000000000e+00	-4.756050162250176072e-01
3.259999999999999787e+00	-4.756050162250176072e-01
3.270000000000000018e+00	-4.749616080080159009e-01
3.279999999999999805e+00	-4.736747915740124881e-01
3.290000000000000036e+00	-4.733530874655116349e-01
3.299999999999999822e+00	-4.730313833570107818e-01
3.310000000000000053e+00	-4.720662710315082222e-01
3.319999999999999840e+00	-4.717445669230073690e-01
3.330000000000000071e+00	-4.714228628145065159e-01
3.339999999999999858e+00	-4.717445669230073690e-01
3.350000000000000089e+00	-4.711011587060056627e-01
3.359999999999999876e+00	-4.704577504890039563e-01
3.370000000000000107e+00	-4.707794545975048095e-01
3.379999999999999893e+00	-4.694926381635013968e-01
3.390000000000000124e+00	-4.704577504890039563e-01
3.399999999999999911e+00	-4.694926381635013968e-01
3.410000000000000142e+00	-4.691709340550005436e-01
3.419999999999999929e+00	-4.694926381635013968e-01
3.430000000000000160e+00	-4.678841176209971309e-01
3.439999999999999947e+00	-4.675624135124962777e-01
3.450000000000000178e+00	-4.678841176209971309e-01
3.459999999999999964e+00	-4.669190052954945713e-01
3.470000000000000195e+00	-4.675624135124962777e-01
3.479999999999999982e+00	-4.662755970784928650e-01
3.490000000000000213e+00	-4.662755970784928650e-01
3.500000000000000000e+00	-4.617717395594809204e-01
3.509999999999999787e+00	-4.540508409554604441e-01
3.520000000000000018e+00	-4.363571149879135191e-01
3.529999999999999805e+00	-4.099773780908435583e-01
3.540000000000000036e+00	-3.884232028212863952e-01
3.549999999999999822e+00	-3.819891206512693316e-01
3.560000000000000053e+00	-3.990394384018145502e-01
3.569999999999999840e+00	-4.267059917328879237e-01
3.580000000000000071e+00	-4.476167587854433805e-01
3.589999999999999858e+00	-4.620934436679817736e-01
3.600000000000000089e+00	-4.653104847529903054e-01
3.609999999999999876e+00	-4.662755970784928650e-01
3.620000000000000107e+00	-4.672407094039954245e-01
3.629999999999999893e+00	-4.714228628145065159e-01
3.640000000000000124e+00	-4.897599969990551472e-01
3.649999999999999911e+00	-5.312598269956652075e-01
3.660000000000000142e+00	-5.875580459833145142e-01
3.669999999999999929e+00	-6.023564349743537605e-01
3.680000000000000160e+00	-4.920119257585611194e-01
3.689999999999999947e+00	-1.999045952397864312e-01
3.700000000000000178e+00	2.170239293773192912e-01
3.709999999999999964e+00	4.885421969520393759e-01
3.720000000000000195e+00	3.929960767272859812e-01
3.729999999999999982e+00	-8.812354790279641747e-03
3.740000000000000213e+00	-4.244540629733819515e-01
3.750000000000000000e+00	-6.605848786130081862e-01
3.759999999999999787e+00	-6.982242593076080084e-01
3.770000000000000018e+00	-6.309881006309296936e-01
3.779999999999999805e+00	-5.505620735057163984e-01
3.790000000000000036e+00	-5.035932736645918339e-01
3.799999999999999822e+00	-4.862212518055457622e-01
3.810000000000000053e+00	-4.836476189375389367e-01
3.819999999999999840e+00	-4.830042107205372304e-01
3.830000000000000071e+00	-4.833259148290380836e-01
3.839999999999999858e+00	-4.833259148290380836e-01
3.850000000000000089e+00	-4.823608025035355240e-01
3.859999999999999876e+00	-4.823608025035355240e-01
3.870000000000000107e+00	-4.826825066120363772e-01
3.879999999999999893e+00	-4.817173942865338176e-01
3.890000000000000124e+00	-4.801088737440295517e-01
3.899999999999999911e+00	-4.768918326590210199e-01
3.910000000000000142e+00	-4.694926381635013968e-01
3.919999999999999929e+00	-4.550159532809630036e-01
3.930000000000000160e+00	-4.324966656859032810e-01
3.939999999999999947e+00	-4.074037452228367329e-01
3.950000000000000178e+00	-3.848844576277770102e-01
3.959999999999999964e+00	-3.778069672407582402e-01
3.970000000000000195e+00	-3.893883151467889547e-01
3.979999999999999982e+00	-4.119076027418486774e-01
3.990000000000000213e+00	-4.402175642899237573e-01
4.000000000000000000e+00	-4.595198107999749482e-01
4.009999999999999787e+00	-4.717445669230073690e-01
4.019999999999999574e+00	-4.785003532015252858e-01
4.030000000000000249e+00	-4.788220573100261390e-01
4.040000000000000036e+00	-4.804305778525304049e-01
4.049999999999999822e+00	-4.794654655270278454e-01
4.059999999999999609e+00	-4.794654655270278454e-01
4.070000000000000284e+00	-4.797871696355286986e-01
4.080000000000000071e+00	-4.788220573100261390e-01
4.089999999999999858e+00	-4.791437614185269922e-01
4.099999999999999645e+00	-4.785003532015252858e-01
4.110000000000000320e+00	-4.788220573100261390e-01
4.120000000000000107e+00	-4.781786490930244327e-01
4.129999999999999893e+00	-4.775352408760227263e-01
4.139999999999999680e+00	-4.772135367675218731e-01
4.150000000000000355e+00	-4.762484244420193136e-01
4.160000000000000142e+00	-4.756050162250176072e-01
4.169999999999999929e+00	-4.759267203335184604e-01
4.179999999999999716e+00	-4.749616080080159009e-01
4.190000000000000391e+00	-4.762484244420193136e-01
4.200000000000000178e+00	-4.749616080080159009e-01
4.209999999999999964e+00	-4.752833121165167540e-01
4.219999999999999751e+00	-4.749616080080159009e-01
4.230000000000000426e+00	-4.736747915740124881e-01
4.240000000000000213e+00	-4.746399038995150477e-01
4.250000000000000000e+00	-4.730313833570107818e-01
4.259999999999999787e+00	-4.736747915740124881e-01
4.269999999999999574e+00	-4.736747915740124881e-01
4.280000000000000249e+00	-4.727096792485099286e-01
4.290000000000000036e+00	-4.730313833570107818e-01
4.299999999999999822e+00	-4.723879751400090754e-01
4.309999999999999609e+00	-4.727096792485099286e-01
4.320000000000000284e+00	-4.711011587060056627e-01
4.330000000000000071e+00	-4.711011587060056627e-01
4.339999999999999858e+00	-4.711011587060056627e-01
4.349999999999999645e+00	-4.698143422720022500e-01
4.360000000000000320e+00	-4.698143422720022500e-01
4.370000000000000107e+00	-4.698143422720022500e-01
4.379999999999999893e+00	-4.685275258379988372e-01
4.389999999999999680e+00	-4.694926381635013968e-01
4.400000000000000355e+00	-4.682058217294979841e-01
4.410000000000000142e+00	-4.669190052954945713e-01
4.419999999999999929e+00	-4.669190052954945713e-01
4.429999999999999716e+00	-4.656321888614911586e-01
4.440000000000000391e+00	-4.656321888614911586e-01
4.450000000000000178e+00	-4.640236683189868927e-01
4.459999999999999964e+00	-4.637019642104860395e-01
4.469999999999999751e+00	-4.643453724274877459e-01
4.480000000000000426e+00	-4.637019642104860395e-01
4.490000000000000213e+00	-4.640236683189868927e-01
4.500000000000000000e+00	-4.604849231254775077e-01
4.509999999999999787e+00	-4.530857286299578846e-01
4.519999999999999574e+00	-4.341051862284075469e-01
4.530000000000000249e+00	-4.074037452228367329e-01
4.540000000000000036e+00	-3.858495699532795697e-01
4.549999999999999822e+00	-3.800588960002642125e-01
4.559999999999999609e+00	-3.974309178593102843e-01
4.570000000000000284e+00	-4.234889506478793919e-01
4.580000000000000071e+00	-4.460082382429391146e-01
4.589999999999999858e+00	-4.595198107999749482e-01
4.599999999999999645e+00	-4.624151477764826268e-01
4.610000000000000320e+00	-4.643453724274877459e-01
4.620000000000000107e+00	-4.653104847529903054e-01
4.629999999999999893e+00	-4.691709340550005436e-01
4.639999999999999680e+00	-4.875080682395491749e-01
4.650000000000000355e+00	-5.296513064531609416e-01
4.660000000000000142e+00	-5.849844131153076887e-01
4.669999999999999929e+00	-5.997828021063469350e-01
4.679999999999999716e+00	-4.891165887820534408e-01
4.690000000000000391e+00	-1.957224418292753398e-01
4.700000000000000178e+00	2.205626745708286762e-01
4.709999999999999964e+00	4.917592380370479077e-01
4.719999999999999751e+00	3.929960767272859812e-01
4.730000000000000426e+00	-8.812354790279641747e-03
4.740000000000000213e+00	-4.231672465393785387e-01
4.750000000000000000e+00	-6.596197662875056267e-01
4.759999999999999787e+00	-6.959723305481020361e-01
4.769999999999999574e+00	-6.290578759799245745e-01
4.780000000000000249e+00	-5.489535529632121325e-01
4.790000000000000036e+00	-5.010196407965850085e-01
4.799999999999999822e+00	-4.849344353715423495e-01
4.809999999999999609e+00	-4.823608025035355240e-01
4.820000000000000284e+00	-4.823608025035355240e-01
4.830000000000000071e+00	-4.820390983950346708e-01
4.839999999999999858e+00	-4.823608025035355240e-01
4.849999999999999645e+00	-4.807522819610312581e-01
4.860000000000000320e+00	-4.813956901780329645e-01
4.870000000000000107e+00	-4.807522819610312581e-01
4.879999999999999893e+00	-4.801088737440295517e-01
4.889999999999999680e+00	-4.797871696355286986e-01
4.900000000000000355e+00	-4.762484244420193136e-01
4.910000000000000142e+00	-4.698143422720022500e-01
4.919999999999999929e+00	-4.553376573894638568e-01
4.929999999999999716e+00	-4.321749615774024278e-01
4.940000000000000391e+00	-4.070820411143358797e-01
4.950000000000000178e+00	-3.842410494107753038e-01
4.959999999999999964e+00	-3.784503754577599466e-01
4.969999999999999751e+00	-3.903534274722915143e-01
4.980000000000000426e+00	-4.138378273928537965e-01
4.990000000000000213e+00	-4.408609725069254637e-01
5.000000000000000000e+00	-4.608066272339783609e-01
5.009999999999999787e+00	-4.739964956825133413e-01
5.019999999999999574e+00	-4.794654655270278454e-01
5.030000000000000249e+00	-4.810739860695321113e-01
5.040000000000000036e+00	-4.823608025035355240e-01
5.049999999999999822e+00	-4.817173942865338176e-01
5.059999999999999609e+00	-4.817173942865338176e-01
5.070000000000000284e+00	-4.801088737440295517e-01
5.080000000000000071e+00	-4.797871696355286986e-01
5.089999999999999858e+00	-4.801088737440295517e-01
5.099999999999999645e+00	-4.788220573100261390e-01
5.110000000000000320e+00	-4.794654655270278454e-01
5.120000000000000107e+00	-4.794654655270278454e-01
5.129999999999999893e+00	-4.785003532015252858e-01
5.139999999999999680e+00	-4.791437614185269922e-01
5.150000000000000355e+00	-4.772135367675218731e-01
5.160000000000000142e+00	-4.778569449845235795e-01
5.169999999999999929e+00	-4.778569449845235795e-01
5.179999999999999716e+00	-4.759267203335184604e-01
5.190000000000000391e+00	-4.765701285505201668e-01
5.200000000000000178e+00	-4.756050162250176072e-01
5.209999999999999964e+00	-4.762484244420193136e-01
5.219999999999999751e+00	-4.759267203335184604e-01
5.230000000000000426e+00	-4.746399038995150477e-01
5.240000000000000213e+00	-4.749616080080159009e-01
5.250000000000000000e+00	-4.746399038995150477e-01
5.259999999999999787e+00	-4.733530874655116349e-01
5.269999999999999574e+00	-4.743181997910141945e-01
5.280000000000000249e+00	-4.730313833570107818e-01
5.290000000000000036e+00	-4.733530874655116349e-01
5.299999999999999822e+00	-4.723879751400090754e-01
5.309999999999999609e+00	-4.727096792485099286e-01
5.320000000000000284e+00	-4.727096792485099286e-01
5.330000000000000071e+00	-4.717445669230073690e-01
5.339999999999999858e+00	-4.707794545975048095e-01
5.349999999999999645e+00	-4.707794545975048095e-01
5.360000000000000320e+00	-4.711011587060056627e-01
5.370000000000000107e+00	-4.701360463805031031e-01
5.379999999999999893e+00	-4.694926381635013968e-01
5.389999999999999680e+00	-4.704577504890039563e-01
5.400000000000000355e+00	-4.691709340550005436e-01
5.410000000000000142e+00	-4.685275258379988372e-01
5.419999999999999929e+00	-4.685275258379988372e-01
5.429999999999999716e+00	-4.678841176209971309e-01
5.440000000000000391e+00	-4.682058217294979841e-01
5.450000000000000178e+00	-4.672407094039954245e-01
5.459999999999999964e+00	-4.665973011869937181e-01
5.469999999999999751e+00	-4.665973011869937181e-01
5.480000000000000426e+00	-4.662755970784928650e-01
5.490000000000000213e+00	-4.659538929699920118e-01
5.500000000000000000e+00	-4.608066272339783609e-01
5.509999999999999787e+00	-4.527640245214570314e-01
5.519999999999999574e+00	-4.347485944454092532e-01
5.530000000000000249e+00	-4.077254493313375860e-01
5.540000000000000036e+00	-3.864929781702812761e-01
5.549999999999999822e+00	-3.810240083257667720e-01
5.559999999999999609e+00	-3.977526219678111374e-01
5.570000000000000284e+00	-4.241323588648810983e-01
5.580000000000000071e+00	-4.463299423514399678e-01
5.589999999999999858e+00	-4.579112902574706823e-01
5.599999999999999645e+00	-4.630585559934843332e-01
5.610000000000000320e+00	-4.653104847529903054e-01
5.620000000000000107e+00	-4.665973011869937181e-01
5.629999999999999893e+00	-4.701360463805031031e-01
5.639999999999999680e+00	-4.887948846735525876e-01
5.650000000000000355e+00	-5.302947146701626480e-01
5.660000000000000142e+00	-5.865929336578119546e-01
5.669999999999999929e+00	-6.020347308658529073e-01
5.679999999999999716e+00	-4.891165887820534408e-01
5.690000000000000391e+00	-1.957224418292753398e-01
5.700000000000000178e+00	2.208843786793295294e-01
5.709999999999999964e+00	4.914375339285470545e-01
5.719999999999999751e+00	3.910658520762808621e-01
5.730000000000000426e+00	-1.074257944128476083e-02
5.740000000000000213e+00	-4.244540629733819515e-01
5.750000000000000000e+00	-6.596197662875056267e-01
5.759999999999999787e+00	-6.959723305481020361e-01
5.769999999999999574e+00	-6.287361718714237213e-01
5.780000000000000249e+00	-5.489535529632121325e-01
5.790000000000000036e+00	-5.016630490135867149e-01
5.799999999999999822e+00	-4.846127312630414963e-01
5.809999999999999609e+00	-4.820390983950346708e-01
5.820000000000000284e+00	-4.817173942865338176e-01
5.830000000000000071e+00	-4.817173942865338176e-01
5.839999999999999858e+00	-4.826825066120363772e-01
5.849999999999999645e+00	-4.817173942865338176e-01
5.860000000000000320e+00	-4.807522819610312581e-01
5.870000000000000107e+00	-4.807522819610312581e-01
5.879999999999999893e+00	-4.797871696355286986e-01
5.889999999999999680e+00	-4.781786490930244327e-01
5.900000000000000355e+00	-4.752833121165167540e-01
5.910000000000000142e+00	-4.682058217294979841e-01
5.919999999999999929e+00	-4.550159532809630036e-01
5.929999999999999716e+00	-4.321749615774024278e-01
5.940000000000000391e+00	-4.064386328973341733e-01
5.950000000000000178e+00	-3.839193453022744507e-01
5.959999999999999964e+00	-3.774852631322573870e-01
5.969999999999999751e+00	-3.887449069297872484e-01
5.980000000000000426e+00	-4.131944191758520901e-01
5.990000000000000213e+00	-4.398958601814229041e-01
6.000000000000000000e+00	-4.595198107999749482e-01
6.009999999999999787e+00	-4.711011587060056627e-01
6.019999999999999574e+00	-4.778569449845235795e-01
6.030000000000000249e+00	-4.801088737440295517e-01
6.040000000000000036e+00	-4.804305778525304049e-01
6.049999999999999822e+00	-4.794654655270278454e-01
6.059999999999999609e+00	-4.801088737440295517e-01
6.070000000000000284e+00	-4.791437614185269922e-01
6.080000000000000071e+00	-4.785003532015252858e-01
6.089999999999999858e+00	-4.797871696355286986e-01
6.099999999999999645e+00	-4.781786490930244327e-01
6.110000000000000320e+00	-4.785003532015252858e-01
6.120000000000000107e+00	-4.791437614185269922e-01
6.129999999999999893e+00	-4.772135367675218731e-01
6.139999999999999680e+00	-4.781786490930244327e-01
6.150000000000000355e+00	-4.762484244420193136e-01
6.160000000000000142e+00	-4.756050162250176072e-01
6.169999999999999929e+00	-4.765701285505201668e-01
6.179999999999999716e+00	-4.752833121165167540e-01
6.190000000000000391e+00	-4.749616080080159009e-01
6.200000000000000178e+00	-4.749616080080159009e-01
6.209999999999999964e+00	-4.749616080080159009e-01
6.219999999999999751e+00	-4.749616080080159009e-01
6.230000000000000426e+00	-4.736747915740124881e-01
6.240000000000000213e+00	-4.746399038995150477e-01
6.250000000000000000e+00	-4.736747915740124881e-01
6.259999999999999787e+00	-4.733530874655116349e-01
6.269999999999999574e+00	-4.736747915740124881e-01
6.280000000000000249e+00	-4.730313833570107818e-01
6.290000000000000036e+00	-4.733530874655116349e-01
6.299999999999999822e+00	-4.723879751400090754e-01
6.309999999999999609e+00	-4.717445669230073690e-01
6.320000000000000284e+00	-4.717445669230073690e-01
6.330000000000000071e+00	-4.701360463805031031e-01
6.339999999999999858e+00	-4.714228628145065159e-01
6.349999999999999645e+00	-4.707794545975048095e-01
6.360000000000000320e+00	-4.691709340550005436e-01
6.370000000000000107e+00	-4.701360463805031031e-01
6.379999999999999893e+00	-4.691709340550005436e-01
6.389999999999999680e+00	-4.698143422720022500e-01
6.400000000000000355e+00	-4.688492299464996904e-01
6.410000000000000142e+00	-4.678841176209971309e-01
6.419999999999999929e+00	-4.685275258379988372e-01
6.429999999999999716e+00	-4.678841176209971309e-01
6.440000000000000391e+00	-4.688492299464996904e-01
6.450000000000000178e+00	-4.675624135124962777e-01
6.459999999999999964e+00	-4.672407094039954245e-01
6.469999999999999751e+00	-4.672407094039954245e-01
6.480000000000000426e+00	-4.662755970784928650e-01
6.490000000000000213e+00	-4.665973011869937181e-01
6.500000000000000000e+00	-4.620934436679817736e-01
6.509999999999999787e+00	-4.537291368469595909e-01
6.519999999999999574e+00	-4.360354108794126660e-01
6.530000000000000249e+00	-4.096556739823427051e-01
6.540000000000000036e+00	-3.877797946042846888e-01
6.549999999999999822e+00	-3.823108247597701848e-01
6.559999999999999609e+00	-3.990394384018145502e-01
6.570000000000000284e+00	-4.257408794073853642e-01
6.580000000000000071e+00	-4.479384628939442337e-01
6.589999999999999858e+00	-4.608066272339783609e-01
6.599999999999999645e+00	-4.649887806444894522e-01
6.610000000000000320e+00	-4.662755970784928650e-01
6.620000000000000107e+00	-4.669190052954945713e-01
6.629999999999999893e+00	-4.711011587060056627e-01
6.639999999999999680e+00	-4.907251093245577067e-01
6.650000000000000355e+00	-5.312598269956652075e-01
6.660000000000000142e+00	-5.882014542003162205e-01
6.669999999999999929e+00	-6.029998431913554668e-01
6.679999999999999716e+00	-4.887948846735525876e-01
6.690000000000000391e+00	-1.937922171782702208e-01
6.700000000000000178e+00	2.212060827878303826e-01
6.709999999999999964e+00	4.907941257115453482e-01
6.719999999999999751e+00	3.901007397507783026e-01
6.730000000000000426e+00	-1.428132463479414582e-02
6.740000000000000213e+00	-4.263842876243870705e-01
6.750000000000000000e+00	-6.609065827215090394e-01
6.759999999999999787e+00	-6.966157387651037425e-01
6.769999999999999574e+00	-6.297012841969262809e-01
6.780000000000000249e+00	-5.492752570717129856e-01
6.790000000000000036e+00	-5.029498654475901276e-01
6.799999999999999822e+00	-4.862212518055457622e-01
6.809999999999999609e+00	-4.842910271545406431e-01
6.820000000000000284e+00	-4.836476189375389367e-01
6.830000000000000071e+00	-4.836476189375389367e-01
6.839999999999999858e+00	-4.836476189375389367e-01
6.849999999999999645e+00	-4.836476189375389367e-01
6.860000000000000320e+00	-4.836476189375389367e-01
6.870000000000000107e+00	-4.830042107205372304e-01
6.879999999999999893e+00	-4.833259148290380836e-01
6.889999999999999680e+00	-4.830042107205372304e-01
6.900000000000000355e+00	-4.794654655270278454e-01
6.910000000000000142e+00	-4.736747915740124881e-01
6.919999999999999929e+00	-4.595198107999749482e-01
6.929999999999999716e+00	-4.370005232049152255e-01
6.940000000000000391e+00	-4.112641945248469710e-01
6.950000000000000178e+00	-3.881014987127855420e-01
6.959999999999999964e+00	-3.813457124342676252e-01
6.969999999999999751e+00	-3.926053562317974865e-01
6.980000000000000426e+00	-4.164114602608606219e-01
6.990000000000000213e+00	-4.427911971579305828e-01
7.000000000000000000e+00	-4.620934436679817736e-01
7.009999999999999787e+00	-4.756050162250176072e-01
7.019999999999999574e+00	-4.804305778525304049e-01
7.030000000000000249e+00	-4.817173942865338176e-01
7.040000000000000036e+00	-4.833259148290380836e-01
7.049999999999999822e+00	-4.817173942865338176e-01
7.059999999999999609e+00	-4.820390983950346708e-01
7.070000000000000284e+00	-4.823608025035355240e-01
7.080000000000000071e+00	-4.807522819610312581e-01
7.089999999999999858e+00	-4.813956901780329645e-01
7.099999999999999645e+00	-4.801088737440295517e-01
7.110000000000000320e+00	-4.794654655270278454e-01
7.120000000000000107e+00	-4.797871696355286986e-01
7.129999999999999893e+00	-4.788220573100261390e-01
7.139999999999999680e+00	-4.794654655270278454e-01
7.150000000000000355e+00	-4.778569449845235795e-01
7.160000000000000142e+00	-4.778569449845235795e-01
7.169999999999999929e+00	-4.778569449845235795e-01
7.179999999999999716e+00	-4.765701285505201668e-01
7.190000000000000391e+00	-4.781786490930244327e-01
7.200000000000000178e+00	-4.762484244420193136e-01
7.209999999999999964e+00	-4.756050162250176072e-01
7.219999999999999751e+00	-4.752833121165167540e-01
7.230000000000000426e+00	-4.752833121165167540e-01
7.240000000000000213e+00	-4.762484244420193136e-01
7.250000000000000000e+00	-4.749616080080159009e-01
7.259999999999999787e+00	-4.752833121165167540e-01
7.269999999999999574e+00	-4.749616080080159009e-01
7.280000000000000249e+00	-4.733530874655116349e-01
7.290000000000000036e+00	-4.736747915740124881e-01
7.299999999999999822e+00	-4.733530874655116349e-01
7.309999999999999609e+00	-4.723879751400090754e-01
7.320000000000000284e+00	-4.723879751400090754e-01
7.330000000000000071e+00	-4.720662710315082222e-01
7.339999999999999858e+00	-4.723879751400090754e-01
7.349999999999999645e+00	-4.717445669230073690e-01
7.360000000000000320e+00	-4.707794545975048095e-01
7.370000000000000107e+00	-4.704577504890039563e-01
7.379999999999999893e+00	-4.698143422720022500e-01
7.389999999999999680e+00	-4.701360463805031031e-01
7.400000000000000355e+00	-4.691709340550005436e-01
7.410000000000000142e+00	-4.691709340550005436e-01
7.419999999999999929e+00	-4.688492299464996904e-01
7.429999999999999716e+00	-4.691709340550005436e-01
7.440000000000000391e+00	-4.691709340550005436e-01
7.450000000000000178e+00	-4.678841176209971309e-01
7.459999999999999964e+00	-4.675624135124962777e-01
7.469999999999999751e+00	-4.672407094039954245e-01
7.480000000000000426e+00	-4.659538929699920118e-01
7.490000000000000213e+00	-4.662755970784928650e-01
7.500000000000000000e+00	-4.620934436679817736e-01
7.509999999999999787e+00	-4.524423204129561782e-01
7.519999999999999574e+00	-4.350702985539101064e-01
7.530000000000000249e+00	-4.080471534398384392e-01
7.540000000000000036e+00	-3.881014987127855420e-01
7.549999999999999822e+00	-3.813457124342676252e-01
7.559999999999999609e+00	-3.996828466188162565e-01
7.570000000000000284e+00	-4.263842876243870705e-01
7.580000000000000071e+00	-4.476167587854433805e-01
7.589999999999999858e+00	-4.614500354509800673e-01
7.599999999999999645e+00	-4.643453724274877459e-01
7.610000000000000320e+00	-4.656321888614911586e-01
7.620000000000000107e+00	-4.672407094039954245e-01
7.629999999999999893e+00	-4.707794545975048095e-01
7.639999999999999680e+00	-4.907251093245577067e-01
7.650000000000000355e+00	-5.315815311041660607e-01
7.660000000000000142e+00	-5.882014542003162205e-01
7.669999999999999929e+00	-6.023564349743537605e-01
7.679999999999999716e+00	-4.891165887820534408e-01
7.690000000000000391e+00	-1.934705130697693676e-01
7.700000000000000178e+00	2.234580115473363549e-01
7.709999999999999964e+00	4.907941257115453482e-01
7.719999999999999751e+00	3.875271068827714771e-01
7.730000000000000426e+00	-1.556814106879755855e-02
7.740000000000000213e+00	-4.276711040583904833e-01
7.750000000000000000e+00	-6.621933991555124521e-01
7.759999999999999787e+00	-6.962940346566028893e-01
7.769999999999999574e+00	-6.287361718714237213e-01
7.780000000000000249e+00	-5.489535529632121325e-01
7.790000000000000036e+00	-5.026281613390892744e-01
7.799999999999999822e+00	-4.852561394800432026e-01
7.809999999999999609e+00	-4.830042107205372304e-01
7.820000000000000284e+00	-4.826825066120363772e-01
7.830000000000000071e+00	-4.826825066120363772e-01
7.839999999999999858e+00	-4.823608025035355240e-01
7.849999999999999645e+00	-4.820390983950346708e-01
7.860000000000000320e+00	-4.804305778525304049e-01
7.870000000000000107e+00	-4.813956901780329645e-01
7.879999999999999893e+00	-4.807522819610312581e-01
7.889999999999999680e+00	-4.801088737440295517e-01
7.900000000000000355e+00	-4.765701285505201668e-01
7.910000000000000142e+00	-4.698143422720022500e-01
7.919999999999999929e+00	-4.556593614979647100e-01
7.929999999999999716e+00	-4.328183697944041342e-01
7.940000000000000391e+00	-4.080471534398384392e-01
7.950000000000000178e+00	-3.855278658447787166e-01
7.959999999999999964e+00	-3.784503754577599466e-01
7.969999999999999751e+00	-3.909968356892932206e-01
7.980000000000000426e+00	-4.135161232843529433e-01
7.990000000000000213e+00	-4.415043807239271700e-01
8.000000000000000000e+00	-4.601632190169766545e-01
8.009999999999999787e+00	-4.717445669230073690e-01
8.019999999999999574e+00	-4.775352408760227263e-01
8.029999999999999361e+00	-4.794654655270278454e-01
8.039999999999999147e+00	-4.810739860695321113e-01
8.050000000000000711e+00	-4.801088737440295517e-01
8.060000000000000497e+00	-4.794654655270278454e-01
8.070000000000000284e+00	-4.797871696355286986e-01
8.080000000000000071e+00	-4.801088737440295517e-01
8.089999999999999858e+00	-4.791437614185269922e-01
8.099999999999999645e+00	-4.778569449845235795e-01
8.109999999999999432e+00	-4.781786490930244327e-01
8.119999999999999218e+00	-4.785003532015252858e-01
8.130000000000000782e+00	-4.775352408760227263e-01
8.140000000000000568e+00	-4.778569449845235795e-01
8.150000000000000355e+00	-4.772135367675218731e-01
8.160000000000000142e+00	-4.772135367675218731e-01
8.169999999999999929e+00	-4.775352408760227263e-01
8.179999999999999716e+00	-4.762484244420193136e-01
8.189999999999999503e+00	-4.772135367675218731e-01
8.199999999999999289e+00	-4.752833121165167540e-01
8.210000000000000853e+00	-4.749616080080159009e-01
8.220000000000000639e+00	-4.746399038995150477e-01
8.230000000000000426e+00	-4.749616080080159009e-01
8.240000000000000213e+00	-4.743181997910141945e-01
8.250000000000000000e+00	-4.733530874655116349e-01
8.259999999999999787e+00	-4.733530874655116349e-01
8.269999999999999574e+00	-4.733530874655116349e-01
8.279999999999999361e+00	-4.723879751400090754e-01
8.289999999999999147e+00	-4.739964956825133413e-01
8.300000000000000711e+00	-4.723879751400090754e-01
8.310000000000000497e+00	-4.720662710315082222e-01
8.320000000000000284e+00	-4.717445669230073690e-01
8.330000000000000071e+00	-4.714228628145065159e-01
8.339999999999999858e+00	-4.704577504890039563e-01
8.349999999999999645e+00	-4.704577504890039563e-01
8.359999999999999432e+00	-4.694926381635013968e-01
8.369999999999999218e+00	-4.701360463805031031e-01
8.380000000000000782e+00	-4.694926381635013968e-01
8.390000000000000568e+00	-4.698143422720022500e-01
8.400000000000000355e+00	-4.685275258379988372e-01
8.410000000000000142e+00	-4.688492299464996904e-01
8.419999999999999929e+00	-4.688492299464996904e-01
8.429999999999999716e+00	-4.672407094039954245e-01
8.439999999999999503e+00	-4.678841176209971309e-01
8.449999999999999289e+00	-4.669190052954945713e-01
8.460000000000000853e+00	-4.682058217294979841e-01
8.470000000000000639e+00	-4.669190052954945713e-01
8.480000000000000426e+00	-4.662755970784928650e-01
8.490000000000000213e+00	-4.665973011869937181e-01
8.500000000000000000e+00	-4.620934436679817736e-01
8.509999999999999787e+00	-4.527640245214570314e-01
8.519999999999999574e+00	-4.344268903369084001e-01
8.529999999999999361e+00	-4.086905616568401456e-01
8.539999999999999147e+00	-3.871363863872829825e-01
8.550000000000000711e+00	-3.819891206512693316e-01
8.560000000000000497e+00	-3.996828466188162565e-01
8.570000000000000284e+00	-4.270276958413887769e-01
8.580000000000000071e+00	-4.485818711109459400e-01
8.589999999999999858e+00	-4.617717395594809204e-01
8.599999999999999645e+00	-4.656321888614911586e-01
8.609999999999999432e+00	-4.669190052954945713e-01
8.619999999999999218e+00	-4.672407094039954245e-01
8.630000000000000782e+00	-4.720662710315082222e-01
8.640000000000000568e+00	-4.900817011075560004e-01
8.650000000000000355e+00	-5.319032352126669139e-01
8.660000000000000142e+00	-5.875580459833145142e-01
8.669999999999999929e+00	-6.023564349743537605e-01
8.679999999999999716e+00	-4.878297723480500281e-01
8.689999999999999503e+00	-1.921836966357659549e-01
8.699999999999999289e+00	2.244231238728389144e-01
8.710000000000000853e+00	4.904724216030444950e-01
8.720000000000000639e+00	3.868836986657697707e-01
8.730000000000000426e+00	-1.717666161130182445e-02
8.740000000000000213e+00	-4.312098492518998682e-01
8.750000000000000000e+00	-6.625151032640133053e-01
8.759999999999999787e+00	-6.975808510906063020e-01
8.769999999999999574e+00	-6.287361718714237213e-01
8.779999999999999361e+00	-5.486318488547112793e-01
8.789999999999999147e+00	-5.026281613390892744e-01
8.800000000000000711e+00	-4.858995476970449090e-01
8.810000000000000497e+00	-4.833259148290380836e-01
8.820000000000000284e+00	-4.833259148290380836e-01
8.830000000000000071e+00	-4.830042107205372304e-01
8.839999999999999858e+00	-4.823608025035355240e-01
8.849999999999999645e+00	-4.810739860695321113e-01
8.859999999999999432e+00	-4.813956901780329645e-01
8.869999999999999218e+00	-4.810739860695321113e-01
8.880000000000000782e+00	-4.801088737440295517e-01
8.890000000000000568e+00	-4.801088737440295517e-01
8.900000000000000355e+00	-4.759267203335184604e-01
8.910000000000000142e+00	-4.691709340550005436e-01
8.919999999999999929e+00	-4.550159532809630036e-01
8.929999999999999716e+00	-4.321749615774024278e-01
8.939999999999999503e+00	-4.067603370058350265e-01
8.949999999999999289e+00	-3.842410494107753038e-01
8.960000000000000853e+00	-3.771635590237565339e-01
8.970000000000000639e+00	-3.890666110382881016e-01
8.980000000000000426e+00	-4.128727150673512369e-01
8.990000000000000213e+00	-4.395741560729220510e-01
9.000000000000000000e+00	-4.604849231254775077e-01
9.009999999999999787e+00	-4.730313833570107818e-01
9.019999999999999574e+00	-4.778569449845235795e-01
9.029999999999999361e+00	-4.788220573100261390e-01
9.039999999999999147e+00	-4.804305778525304049e-01
9.050000000000000711e+00	-4.791437614185269922e-01
9.060000000000000497e+00	-4.804305778525304049e-01
9.070000000000000284e+00	-4.797871696355286986e-01
9.080000000000000071e+00	-4.785003532015252858e-01
9.089999999999999858e+00	-4.801088737440295517e-01
9.099999999999999645e+00	-4.775352408760227263e-01
9.109999999999999432e+00	-4.781786490930244327e-01
9.119999999999999218e+00	-4.781786490930244327e-01
9.130000000000000782e+00	-4.772135367675218731e-01
9.140000000000000568e+00	-4.778569449845235795e-01
9.150000000000000355e+00	-4.765701285505201668e-01
9.160000000000000142e+00	-4.762484244420193136e-01
9.169999999999999929e+00	-4.762484244420193136e-01
9.179999999999999716e+00	-4.752833121165167540e-01
9.189999999999999503e+00	-4.759267203335184604e-01
9.199999999999999289e+00	-4.749616080080159009e-01
9.210000000000000853e+00	-4.746399038995150477e-01
9.220000000000000639e+00	-4.743181997910141945e-01
9.230000000000000426e+00	-4.736747915740124881e-01
9.240000000000000213e+00	-4.739964956825133413e-01
9.250000000000000000e+00	-4.723879751400090754e-01
9.259999999999999787e+00	-4.714228628145065159e-01
9.269999999999999574e+00	-4.720662710315082222e-01
9.279999999999999361e+00	-4.720662710315082222e-01
9.289999999999999147e+00	-4.723879751400090754e-01
9.300000000000000711e+00	-4.714228628145065159e-01
9.310000000000000497e+00	-4.717445669230073690e-01
9.320000000000000284e+00	-4.714228628145065159e-01
9.330000000000000071e+00	-4.698143422720022500e-01
9.339999999999999858e+00	-4.711011587060056627e-01
9.349999999999999645e+00	-4.694926381635013968e-01
9.359999999999999432e+00	-4.704577504890039563e-01
9.369999999999999218e+00	-4.701360463805031031e-01
9.380000000000000782e+00	-4.701360463805031031e-01
9.390000000000000568e+00	-4.698143422720022500e-01
9.400000000000000355e+00	-4.685275258379988372e-01
9.410000000000000142e+00	-4.688492299464996904e-01
9.419999999999999929e+00	-4.691709340550005436e-01
9.429999999999999716e+00	-4.678841176209971309e-01
9.439999999999999503e+00	-4.685275258379988372e-01
9.449999999999999289e+00	-4.672407094039954245e-01
9.460000000000000853e+00	-4.678841176209971309e-01
9.470000000000000639e+00	-4.669190052954945713e-01
9.480000000000000426e+00	-4.662755970784928650e-01
9.490000000000000213e+00	-4.662755970784928650e-01
9.500000000000000000e+00	-4.620934436679817736e-01
9.509999999999999787e+00	-4.534074327384587377e-01
9.519999999999999574e+00	-4.350702985539101064e-01
9.529999999999999361e+00	-4.083688575483392924e-01
9.539999999999999147e+00	-3.871363863872829825e-01
9.550000000000000711e+00	-3.826325288682710379e-01
9.560000000000000497e+00	-4.000045507273171097e-01
9.570000000000000284e+00	-4.267059917328879237e-01
9.580000000000000071e+00	-4.476167587854433805e-01
9.589999999999999858e+00	-4.608066272339783609e-01
9.599999999999999645e+00	-4.653104847529903054e-01
9.609999999999999432e+00	-4.669190052954945713e-01
9.619999999999999218e+00	-4.675624135124962777e-01
9.630000000000000782e+00	-4.720662710315082222e-01
9.640000000000000568e+00	-4.907251093245577067e-01
9.650000000000000355e+00	-5.319032352126669139e-01
9.660000000000000142e+00	-5.888448624173179269e-01
9.669999999999999929e+00	-6.017130267573520541e-01
9.679999999999999716e+00	-4.875080682395491749e-01
9.689999999999999503e+00	-1.905751760932616889e-01
9.699999999999999289e+00	2.260316444153431803e-01
9.710000000000000853e+00	4.911158298200462013e-01
9.720000000000000639e+00	3.862402904487680644e-01
9.730000000000000426e+00	-1.942859037080779672e-02
9.740000000000000213e+00	-4.312098492518998682e-01
9.750000000000000000e+00	-6.628368073725141585e-01
9.759999999999999787e+00	-6.962940346566028893e-01
9.769999999999999574e+00	-6.287361718714237213e-01
9.779999999999999361e+00	-5.489535529632121325e-01
9.789999999999999147e+00	-5.029498654475901276e-01
9.800000000000000711e+00	-4.855778435885440558e-01
9.810000000000000497e+00	-4.833259148290380836e-01
9.820000000000000284e+00	-4.836476189375389367e-01
9.830000000000000071e+00	-4.823608025035355240e-01
9.839999999999999858e+00	-4.830042107205372304e-01
9.849999999999999645e+00	-4.817173942865338176e-01
9.859999999999999432e+00	-4.813956901780329645e-01
9.869999999999999218e+00	-4.810739860695321113e-01
9.880000000000000782e+00	-4.804305778525304049e-01
9.890000000000000568e+00	-4.797871696355286986e-01
9.900000000000000355e+00	-4.759267203335184604e-01
9.910000000000000142e+00	-4.694926381635013968e-01
9.919999999999999929e+00	-4.546942491724621505e-01
9.929999999999999716e+00	-4.318532574689015746e-01
9.939999999999999503e+00	-4.070820411143358797e-01
9.949999999999999289e+00	-3.842410494107753038e-01
9.960000000000000853e+00	-3.778069672407582402e-01
9.970000000000000639e+00	-3.893883151467889547e-01
9.980000000000000426e+00	-4.128727150673512369e-01
9.990000000000000213e+00	-4.402175642899237573e-01
